timestamp;data;turno;capacidade_total_leitos;leitos_bloqueados;leitos_operacionais;pacientes_monitorados_base;pacientes_internados;taxa_ocupacao_pct;enfermeiros_turno;pacientes_por_enfermeiro;admissoes_turno;altas_turno;saldo_admissoes_altas
2026-09-07 07:00:00;07/09/2026;Manhã;30;1;29;26;26;89.7;9;2.89;1;1;0
2026-09-07 13:00:00;07/09/2026;Tarde;30;1;29;26;26;89.7;8;3.25;1;1;0
2026-09-07 19:00:00;07/09/2026;Noite;30;1;29;26;26;89.7;8;3.25;0;0;0
2026-09-08 07:00:00;08/09/2026;Manhã;30;0;30;26;26;86.7;9;2.89;2;1;1
2026-09-08 13:00:00;08/09/2026;Tarde;30;0;30;26;26;86.7;8;3.25;1;2;-1
2026-09-08 19:00:00;08/09/2026;Noite;30;0;30;26;26;86.7;8;3.25;1;1;0
2026-09-09 07:00:00;09/09/2026;Manhã;30;1;29;26;26;89.7;10;2.6;1;2;-1
2026-09-09 13:00:00;09/09/2026;Tarde;30;1;29;26;26;89.7;8;3.25;2;1;1
2026-09-09 19:00:00;09/09/2026;Noite;30;1;29;26;26;89.7;8;3.25;0;0;0
2026-09-10 07:00:00;10/09/2026;Manhã;30;2;28;26;26;92.9;9;2.89;1;1;0
2026-09-10 13:00:00;10/09/2026;Tarde;30;2;28;26;26;92.9;8;3.25;1;1;0
2026-09-10 19:00:00;10/09/2026;Noite;30;2;28;26;26;92.9;8;3.25;1;1;0
2026-09-11 07:00:00;11/09/2026;Manhã;30;0;30;26;26;86.7;9;2.89;2;1;1
2026-09-11 13:00:00;11/09/2026;Tarde;30;0;30;26;26;86.7;8;3.25;1;2;-1
2026-09-11 19:00:00;11/09/2026;Noite;30;0;30;26;26;86.7;8;3.25;0;0;0
2026-09-12 07:00:00;12/09/2026;Manhã;30;1;29;26;26;89.7;9;2.89;1;1;0
2026-09-12 13:00:00;12/09/2026;Tarde;30;1;29;26;26;89.7;8;3.25;2;1;1
2026-09-12 19:00:00;12/09/2026;Noite;30;1;29;26;26;89.7;8;3.25;1;1;0
2026-09-13 07:00:00;13/09/2026;Manhã;30;0;30;26;26;86.7;10;2.6;2;2;0
2026-09-13 13:00:00;13/09/2026;Tarde;30;0;30;26;26;86.7;8;3.25;1;1;0
2026-09-13 19:00:00;13/09/2026;Noite;30;0;30;26;26;86.7;8;3.25;0;0;0
2026-09-14 07:00:00;14/09/2026;Manhã;30;1;29;26;26;89.7;9;2.89;1;1;0
2026-09-14 13:00:00;14/09/2026;Tarde;30;1;29;26;26;89.7;8;3.25;1;1;0
2026-09-14 19:00:00;14/09/2026;Noite;30;1;29;26;26;89.7;8;3.25;1;1;0
